8	8
6	4	4	6
6	5	5	6
8	8	8	8
9	9	9	9
8	8	3	3	3	3	8	8
8	8	2	3	3	2	8	8
2	5	9	2	2	2	2	9	5	2
3	4	10	3	3	3	3	9	4	3
2	5	7	3	2	2	3	7	5	2
2	5	9	3	1	1	3	8	5	3
2	9	5	3	1	1	3	5	9	2
3	2	4	5	2	2	2	5	4	2	3
2	1	4	5	3	4	3	5	4	1	2
2	2	4	5	2	4	2	5	4	2	2
2	2	3	6	2	2	2	6	3	2	2
2	3	3	7	3	2	3	7	3	3	2
2	3	11	4	11	3	2
3	5	7	4	7	5	2
3	8	5	6	5	8	3
2	12	3	6	3	15
18	2	6	2	18
8	5	2	6	2	5	8
3	8	4	1	4	1	4	8	3
3	12	4	4	4	12	3
3	3	7	3	2	3	7	3	3
3	3	5	8	3	2	3	8	5	3	3
3	2	7	8	2	2	2	8	7	2	2
3	3	7	8	1	2	1	8	7	3	3
2	3	7	8	2	2	2	8	7	3	2
3	4	7	8	2	4	2	8	7	4	3
2	4	5	7	2	4	2	7	5	4	2
2	5	3	8	2	6	2	8	3	5	2
2	6	9	2	6	2	9	6	2
2	8	11	2	6	2	11	8	2
2	20	2	6	2	20	2
2	20	2	6	2	20	3
3	18	3	4	3	18	3
3	16	3	4	3	16	3
2	13	4	2	4	13	2
3	4	4	2	4	4	4	
3	6	5	2	5	6	5
4	10	2	10	5
6	7	2	7	6
12	12
888
5
7
4	5
4	5	8
6	7	11
9	4	5	4
13	3	4	4
17	3	4	3
5	5	5	1	3	7	3
4	3	9	10	2
2	3	2	7	13	2
1	6	3	5	15	2
9	4	5	3	9	2
9	6	7	4	8	2
16	6	6	8	1
10	3	6	7	8	1
9	1	6	7	5	2	1
9	2	2	7	6	2	1
2	7	2	2	6	6	4
2	8	2	3	4	7	4
1	9	2	4	8	3
2	8	1	16	3
2	6	2	16	3
2	4	2	16	2
2	4	2	14	2
1	3	3	2	14	2
1	3	4	2	12	1
2	4	3	2	11	2
1	4	4	2	4	3
2	10	2	10
2	12	12
1	2	7	3
2	4	2	5
3	2	8	9
32
32
3	2	8	9
2	4	2	5
1	2	7	3
2	12	12
2	10	2	10
1	4	4	2	4	3
2	4	3	2	11	2
1	3	4	2	12	1
1	3	3	2	14	2
2	4	2	14	2
2	4	2	16	2
2	6	2	16	3
2	7	1	16	3
1	8	2	4	8	3
2	8	2	3	4	7	4
2	7	2	2	6	6	4
9	2	2	7	6	2	1
9	1	6	7	5	2	1
10	3	6	7	8	1
16	6	6	8	1
9	6	7	4	8	2
9	4	5	3	9	2
1	6	3	5	15	3
2	3	2	7	13	3
4	3	9	10	3
5	5	5	2	3	7	4
17	3	3	3
13	2	4	4
9	4	5	5
6	7	11
4	6	8
4	5
7
5