3 3
5 5
7 7
7 7 7
9 9
5 5
2 2
1 1
1 5 5 1
1 2 1 1 1 1 2 1
1 2 1 1 2 1
1 6 6 1
1 4 4 1
2 5 2
1 3 1
1 1 1
1 1 1 1 1 1
1 2 2 1
2 2
3 3
15
17
4 7 4
3 3 3
4 4
5 5
6 6
8 8
10 10
1 10 10 1
1 8 8 1
1 6 6 1
1 4 4 1
1 1
1 1
1 1
1 1
1 1
1 1 1
1 1
1 1
4 4
6 6
21
8 8
888
4 6 6
7 2 5 3
7 1 7 2 2
6 1 8 1 3
6 2 1 10 4
4 4 1 3 7 4
3 5 1 3 7 4
1 1 2 3 6 4
1 2 1 1 3 6 3
1 1 2 1 4 5 2
1 2 1 1 3 4 1
1 2 1 4 2 1
1 3 4 1 1
1 2 1 4 2 1
1 2 1 1 3 4 1
1 1 2 1 4 5 2
1 2 1 1 3 6 3
1 1 2 3 6 4
3 5 1 3 7 4
4 4 1 3 7 4
6 2 1 10 4
6 1 8 1 3
7 1 7 2 2
7 2 5 3
4 6 6